Muestra 	 SP 	 Temp. 	 
 	 1 	 31 	 0.000000 
        2 	 31 	 0.000000 
        3 	 31 	 31.125000 
        4 	 31 	 30.937500 
        5 	 31 	 30.937500 
        6 	 31 	 31.125000 
        7 	 31 	 31.062500 
        8 	 31 	 31.125000 
        9 	 31 	 31.125000 
        10 	 31 	 30.500000 
        11 	 31 	 30.562500 
        12 	 31 	 31.250000 
        13 	 31 	 31.250000 
        14 	 31 	 30.750000 
        15 	 31 	 31.312500 
        16 	 31 	 312500000031.250000 
        17 	 31 	 30.812500 
        18 	 31 	 31.375000 
        19 	 31 	 31.125000 
        20 	 31 	 31.250000 
        21 	 31 	 30.687500 
        22 	 31 	 30.812500 
        23 	 31 	 31.375000 
        24 	 31 	 31.250000 
        25 	 31 	 31.250000 
        26 	 31 	 31.312500 
        27 	 31 	 31.250000 
        28 	 31 	 31.312500 
        29 	 31 	 31.437500 
        30 	 31 	 31.312500 
        31 	 31 	 31.375000 
        32 	 31 	 31.375000 
        33 	 31 	 31.375000 
        34 	 31 	 31.312500 
        35 	 31 	 31.375000 
        36 	 31 	 30.875000 
        37 	 31 	 31.375000 
        38 	 31 	 31.312500 
        39 	 31 	 31.375000 
        40 	 31 	 31.500000 
        41 	 31 	 31.375000 
        42 	 31 	 30.937500 
        43 	 31 	 31.500000 
        44 	 31 	 31.500000 
        45 	 31 	 31.500000 
        46 	 31 	 31.500000 
        47 	 31 	 31.000000 
        48 	 31 	 31.687500 
        49 	 31 	 31.500000 
        50 	 31 	 31.687500 
        51 	 31 	 31.687500 
        52 	 31 	 31.687500 
        53 	 31 	 31.687500 
        54 	 31 	 31.750000 
        55 	 31 	 31.687500 
        56 	 31 	 31.750000 
        57 	 31 	 31.750000 
        58 	 31 	 31.750000 
        59 	 31 	 31.812500 
        60 	 31 	 31.875000 
        61 	 31 	 31.812500 
        62 	 31 	 31.812500 
        63 	 31 	 31.875000 
        64 	 31 	 31.812500 
        65 	 31 	 31.750000 
        66 	 31 	 31.250000 
        67 	 31 	 31.875000 
        68 	 31 	 31.250000 
        69 	 31 	 31.312500 
        70 	 31 	 31.937500 
        71 	 31 	 31.750000 
        72 	 31 	 31.750000 
        73 	 31 	 31.812500 
        74 	 31 	 31.750000 
        75 	 31 	 31.750000 
        76 	 31 	 31.750000 
        77 	 31 	 31.750000 
        78 	 31 	 31.625000 
        79 	 31 	 31.062500 
        80 	 31 	 31.687500 
        81 	 31 	 31.500000 
        82 	 31 	 31.062500 
        83 	 31 	 31.562500 
        84 	 31 	 30.937500 
        85 	 31 	 31.562500 
        86 	 31 	 31.375000 
        87 	 31 	 30.937500 
        88 	 31 	 31.000000 
        89 	 31 	 31.437500 
        90 	 31 	 31.500000 
        91 	 31 	 31.500000 
        92 	 31 	 31.625000 
        93 	 31 	 30.937500 
        94 	 31 	 30.937500 
        95 	 31 	 31.437500 
        96 	 31 	 31.562500 
        97 	 31 	 31.562500 
        98 	 31 	 31.562500 
        99 	 31 	 31.562500 
        100 	 31 	 31.562500 
        101 	 31 	 -127.000000 
  102 	 31 	 0.000000 
        103 	 31 	 31.125000 
        104 	 31 	 31.187500 
        105 	 31 	 31.062500 
        106 	 31 	 31.062500 
        107 	 31 	 31.125000 
        108 	 31 	 31.062500 
        109 	 31 	 31.125000 
        110 	 31 	 30.500000 
        111 	 31 	 31.000000 
        112 	 31 	 31.062500 
        113 	 31 	 30.937500 
        114 	 31 	 31.125000 
        115 	 31 	 30.500000 
        116 	 31 	 30.500000 
        117 	 31 	 31.125000 
        118 	 31 	 31.125000 
        119 	 31 	 30.937500 
        120 	 31 	 31.062500 
        121 	 31 	 30.937500 
        122 	 31 	 31.125000 
        123 	 31 	 31.062500 
        124 	 31 	 30.437500 
        125 	 31 	 30.875000 
        126 	 31 	 31.125000 
        127 	 31 	 31.000000 
        128 	 31 	 30.375000 
        129 	 31 	 31.062500 
        130 	 31 	 31.000000 
        131 	 31 	 30.937500 
        132 	 31 	 30.937500 
        133 	 31 	 30.875000 
        134 	 31 	 30.937500 
        135 	 31 	 30.937500 
        136 	 31 	 30.937500 
        137 	 31 	 30.937500 
        138 	 31 	 30.875000 
        139 	 31 	 50000000030.937500 
        140 	 31 	 30.937500 
        141 	 31 	 31.062500 
        142 	 31 	 30.375000 
        143 	 31 	 30.812500 
0 
        144 	 32 	 32.500000 
        145 	 40 	 32.562500 
        146 	 40 	 32.062500 
        147 	 40 	 32.625000 
        148 	 40 	 32.000000 
        149 	 40 	 32.625000 
        150 	 40 	 32.625000 
        151 	 40 	 32.625000 
        152 	 40 	 32.562500 
3 	 24 	 23.375000 
        154 	 24 	 23.437500 
        155 	 24 	 22.875000 
        156 	 24 	 23.437500 
        157 	 24 	 22.812500 
        158 	 24 	 23.312500 
        159 	 24 	 22.750000 
        160 	 24 	 23.250000 
        161 	 24 	 22.687500 
        162 	 24 	 23.312500 
        163 	 24 	 22.687500 
        164 	 24 	 23.312500 
        165 	 24 	 23.312500 
        166 	 24 	 23.250000 
        167 	 24 	 23.312500 
        168 	 24 	 23.250000 
        169 	 24 	 22.625000 
        170 	 24 	 23.187500 
        171 	 24 	 23.187500 
        172 	 24 	 23.250000 
        173 	 24 	 22.625000 
        174 	 24 	 23.250000 
        175 	 24 	 23.187500 
        176 	 24 	 23.187500 
        177 	 24 	 22.562500 
        178 	 24 	 23.187500 
        179 	 24 	 23.187500 
        180 	 24 	 23.062500 
        181 	 24 	 22.625000 
        182 	 24 	 23.125000 
        183 	 24 	 22.562500 
        184 	 24 	 23.187500 
        185 	 24 	 23.187500 
        186 	 24 	 23.375000 
        187 	 24 	 23.187500 
        188 	 24 	 23.250000 
        189 	 24 	 22.625000 
        190 	 24 	 23.312500 
        191 	 24 	 23.187500 
        192 	 24 	 22.750000 
        193 	 24 	 23.312500 
        194 	 24 	 23.250000 
        195 	 24 	 23.125000 
        196 	 24 	 23.250000 
        197 	 24 	 23.125000 
        198 	 24 	 23.250000 
        199 	 24 	 22.625000 
        200 	 24 	 23.125000 
        201 	 24 	 23.125000 
        202 	 24 	 23.250000 
        203 	 24 	 23.250000 
        204 	 24 	 23.187500 
        205 	 24 	 22.562500 
        206 	 24 	 23.125000 
        207 	 24 	 22.625000 
        208 	 24 	 22.562500 
        209 	 24 	 22.687500 
        210 	 24 	 22.562500 
        211 	 24 	 22.562500 
        212 	 24 	 3.187500 
        213 	 24 	 23.125000 
        214 	 24 	 23.125000 
        215 	 24 	 23.187500 
        216 	 24 	 23.125000 
        217 	 24 	 22.500000 
        218 	 24 	 23.125000 
        219 	 24 	 23.062500 
        220 	 24 	 23.187500 
        221 	 24 	 23.000000 
        222 	 24 	 23.062500 
        223 	 24 	 23.062500 
        224 	 24 	 23.062500 
        225 	 24 	 22.562500 
        226 	 24 	 23.000000 
        227 	 24 	 23.125000 
        228 	 24 	 23.000000 
        229 	 24 	 23.062500 
        230 	 24 	 23.125000 
        231 	 24 	 22.437500 
        232 	 24 	 22.375000 
        233 	 24 	 22.937500 
        234 	 24 	 22.937500 
        235 	 24 	 23.000000 
        236 	 24 	 22.937500 
        237 	 24 	 23.000000 
        238 	 24 	 23.000000 
        239 	 24 	 23.000000 
        240 	 24 	 22.937500 
        241 	 24 	 22.875000 
        242 	 24 	 22.812500 
        243 	 24 	 22.875000 
        244 	 24 	 22.875000 
        245 	 24 	 22.875000 
        246 	 24 	 22.875000 
        247 	 24 	 22.312500 
        248 	 24 	 22.312500 
        249 	 24 	 22.875000 
        250 	 24 	 22.250000 
        251 	 24 	 22.812500 
        252 	 24 	 22.812500 
        253 	 24 	 22.187500 
        254 	 24 	 22.750000 
        255 	 24 	 22.812500 
        0 	 24 	 22.875000 
Muestra 	 SP 	 Temp. 	 
 	 1 	 24 	 22.750000 
        2 	 24 	 22.875000 
        3 	 24 	 22.750000 
        4 	 24 	 22.750000 
        5 	 24 	 625000000022.812499 
        6 	 24 	 22.187500 
        7 	 24 	 22.750000 
        8 	 24 	 22.125000 
        9 	 24 	 22.687500 
        10 	 22 	 22.687500 
        11 	 22 	 22.125000 
        12 	 22 	 22.125000 
        13 	 22 	 22.000000 
        14 	 22 	 22.562500 
        15 	 22 	 22.562500 
        16 	 22 	 22.062500 
        17 	 22 	 22.687500 
        18 	 22 	 22.625000 
        19 	 22 	 22.062500 
        20 	 22 	 22.625000 
        21 	 22 	 21.937500 
        22 	 22 	 22.062500 
        23 	 22 	 22.500000 
        24 	 22 	 22.562500 
        25 	 22 	 22.625000 
        26 	 22 	 21.937500 
        27 	 22 	 22.625000 
        28 	 22 	 22.500000 
        29 	 22 	 22.625000 
        30 	 22 	 22.562500 
        31 	 22 	 22.000000 
        32 	 22 	 22.562500 
        33 	 22 	 21.937500 
        34 	 22 	 22.562500 
        35 	 22 	 21.875000 
        36 	 22 	 22.437500 
        37 	 22 	 22.437500 
        38 	 22 	 22.562500 
        39 	 22 	 22.500000 
        40 	 22 	 22.562500 
        41 	 22 	 22.500000 
        42 	 22 	 22.437500 
        43 	 22 	 21.937500 
        44 	 22 	 22.562500 
        45 	 22 	 22.375000 
        46 	 22 	 22.562500 
        47 	 22 	 22.437500 
        48 	 22 	 22.437500 
        49 	 22 	 22.437500 
        50 	 22 	 22.437500 
        51 	 22 	 22.500000 
        52 	 22 	 21.875000 
        53 	 22 	 22.437500 
        54 	 22 	 0.000000 
        55 	 22 	 22.437500 
        56 	 22 	 21.812500 
        57 	 22 	 22.375000 
        58 	 22 	 22.375000 
        59 	 22 	 22.437500 
        60 	 22 	 22.375000 
        61 	 22 	 22.437500 
        62 	 22 	 21.750000 
        63 	 22 	 22.437500 
        64 	 22 	 22.375000 
        65 	 22 	 22.375000 
        66 	 22 	 22.375000 
        67 	 22 	 22.312500 
        68 	 22 	 22.375000 
        69 	 22 	 22.312500 
        70 	 22 	 22.312500 
        71 	 22 	 22.250000 
        72 	 22 	 22.250000 
        73 	 22 	 22.312500 
        74 	 22 	 22.312500 
        75 	 22 	 22.187500 
        76 	 22 	 21.687500 
        77 	 22 	 22.125000 
        78 	 22 	 21.562500 
        79 	 22 	 22.250000 
        80 	 22 	 22.250000 
        81 	 22 	 22.125000 
        82 	 22 	 22.250000 
        83 	 22 	 21.500000 
        84 	 22 	 21.625000 
        85 	 22 	 22.125000 
        86 	 22 	 22.187500 
        87 	 22 	 22.125000 
        88 	 22 	 22.187500 
        89 	 22 	 22.000000 
        90 	 22 	 21.500000 
        91 	 22 	 21.687500 
        92 	 22 	 22.250000 
        93 	 22 	 21.562500 
        94 	 22 	 22.125000 
        95 	 22 	 22.125000 
        96 	 22 	 22.000000 
        97 	 22 	 22.000000 
        98 	 22 	 21.437500 
        99 	 22 	 21.437500 
        100 	 22 	 22.125000 
        101 	 22 	 22.000000 
        102 	 22 	 22.000000 
        103 	 22 	 21.937500 
        104 	 22 	 21.437500 
        105 	 22 	 21.437500 
        106 	 22 	 22.062500 
        107 	 22 	 22.062500 
        108 	 22 	 21.375000 
        109 	 22 	 21.437500 
        110 	 22 	 21.437500 
        111 	 22 	 22.000000 
        112 	 22 	 22.062500 
        113 	 22 	 21.937500 
        114 	 22 	 22.000000 
        115 	 22 	 21.937500 
        116 	 22 	 21.312500 
        117 	 22 	 21.875000 
        118 	 22 	 22.062500 
        119 	 22 	 21.312500 
        120 	 22 	 21.937500 
        121 	 22 	 22.000000 
        122 	 22 	 21.312500 
        123 	 22 	 21.312500 
        124 	 22 	 22.000000 
        125 	 22 	 21.375000 
        126 	 22 	 21.875000 
        127 	 22 	 22.000000 
        128 	 22 	 687500000021.312499 
        129 	 22 	 22.000000 
        130 	 22 	 21.375000 
        131 	 22 	 21.812500 
        132 	 22 	 21.937500 
        133 	 22 	 21.875000 
        134 	 22 	 21.875000 
        135 	 22 	 21.937500 
        136 	 22 	 21.875000 
        137 	 22 	 21.812500 
        138 	 22 	 21.812500 
        139 	 22 	 21.250000 
        140 	 22 	 21.812500 
        141 	 22 	 21.812500 
        142 	 22 	 21.250000 
        143 	 22 	 21.187500 
        144 	 22 	 21.875000 
        145 	 22 	 21.937500 
        146 	 22 	 21.187500 
        147 	 22 	 21.750000 
        148 	 22 	 21.937500 
        149 	 22 	 21.875000 
        150 	 22 	 21.187500 
        151 	 22 	 21.750000 
        152 	 22 	 21.250000 
        153 	 22 	 21.250000 
        154 	 22 	 21.875000 
        155 	 22 	 21.812500 
        156 	 22 	 21.812500 
        157 	 22 	 21.687500 
        158 	 22 	 21.125000 
        159 	 22 	 21.187500 
        160 	 22 	 21.812500 
        161 	 22 	 21.875000 
        162 	 22 	 21.750000 
        163 	 22 	 21.687500 
        164 	 22 	 21.812500 
        165 	 22 	 21.625000 
        166 	 22 	 21.750000 
        167 	 22 	 21.187500 
        168 	 22 	 21.687500 
        169 	 22 	 21.750000 
